	 240000.0          12900.0          11100.0       3700.0	
	 330000.0          12900.0          11100.0       0.0	
	 1220000.0          12900.0          11100.0       3700.0	
	 3479900.0          11100.0          9000.0       30	
	 3480000.0          5672.059390079293          13868.946286923472       7417.286031340839	
	 3496000.0          5664.40672043799          13851.74406366419       7409.969733706567	
	 3521000.0          5653.871779907364          13828.17876180055       7401.586946494412	
	 3546000.0          5641.130645387526          13799.346943771816       7388.27961150706	
	 3571000.0          5628.31811902601          13770.289299223676       7374.851721139539	
	 3596000.0          5615.445565988771          13741.041420736188       7361.321374712223	
	 3621000.0          5602.6323681461245          13711.8690698407       7347.808884422582	
	 3646000.0          5588.7032668452075          13680.660176779786       7333.267588293471	
	 3671000.0          5570.676997794826          13649.863181519668       7318.194449866805	
	 3696000.0          5543.416753157982          13612.992512893192       7288.773856453099	
	 3721000.0          5513.705374609184          13585.474947782679       7256.48175663531	
	 3746000.0          5488.873721801788          13571.257947219661       7231.610730621919	
	 3771000.0          5468.369174538828          13557.7814009829       7212.94172220455	
	 3796000.0          5446.840385203359          13540.26118828029       7191.042058620961	
	 3821000.0          5434.189519390521          13511.188065260829       7180.131153914278	
	 3846000.0          5421.496615334307          13482.033507653885       7169.163081479647	
	 3871000.0          5407.465003320283          13452.71002234231       7158.105254426503	
	 3896000.0          5397.5143514354895          13429.284025512274       7152.729355125534	
	 3921000.0          5384.892189222201          13400.14144438071       7141.818063152168	
	 3946000.0          5372.033638763461          13370.583475757281       7130.5560138069595	
	 3971000.0          5359.069125822466          13340.793090108706       7119.162506565329	
	 3996000.0          5346.0038872772475          13310.780083625164       7107.632641624883	
	 4021000.0          5332.960446376369          13280.818505282661       7096.078692328345	
	 4046000.0          5320.193958257941          13251.240641576323       7084.905586968596	
	 4071000.0          5311.043539507596          13227.130293816293       7078.982446179566	
	 4096000.0          5297.791441829626          13196.587915558799       7067.081396297535	
	 4121000.0          5284.594481579491          13166.141149238716       7055.166816056662	
	 4146000.0          5271.327141082926          13135.483782062352       7043.111881209717	
	 4171000.0          5258.165827289212          13104.557440604263       7030.897424164924	
	 4196000.0          5244.865481771848          13073.370162709973       7018.524903177243	
	 4221000.0          5231.566482702403          13042.217244493895       7006.0998127980565	
	 4246000.0          5220.16785108176          13015.409814291876       6997.765204043992	
	 4271000.0          5207.921662023466          12986.516646640845       6987.573025986957	
	 4296000.0          5194.465878442426          12954.655499189555       6974.695718828928	
	 4321000.0          5181.047693608931          12922.75312678138       6961.729403523217	
	 4346000.0          5167.602473344828          12890.656614319672       6948.610765023481	
	 4371000.0          5154.079317089532          12858.230574066107       6935.274740674944	
	 4396000.0          5141.638710484502          12828.231037758402       6924.247626031064	
	 4421000.0          5130.128237511559          12800.318541201827       6915.100323766548	
	 4446000.0          5116.555988882347          12767.323448591413       6901.269574365443	
	 4471000.0          5102.897735772096          12733.925818144475       6887.1475069182825	
	 4496000.0          5089.175897828254          12700.16938743874       6872.741253648465	
	 4521000.0          5075.471890214359          12666.249453806198       6858.126441352564	
	 4546000.0          5061.734946838803          12632.020601897739       6843.222392513894	
	 4571000.0          5048.531366825096          12598.805739711606       6829.292490645067	
	 4596000.0          5037.3377245945085          12570.214980939898       6819.598363565556	
	 4621000.0          5023.473654908849          12534.760791126622       6803.502477700597	
	 4646000.0          5009.566446641189          12498.85208034297       6786.8798646332525	
	 4671000.0          4995.560490507181          12462.189355743178       6769.474273147991	
	 4696000.0          4981.475358851314          12424.745545733478       6751.147193244807	
	 4721000.0          4967.378205881385          12386.649093423608       6731.784373544684	
	 4746000.0          4956.102128769139          12354.85406436763       6717.511278867212	
	 4771000.0          4942.367451538232          12315.857991816623       6695.656595317455	
	 4796000.0          4927.934216828646          12273.010194328932       6668.523802403559	
	 4821000.0          4913.478599815389          12234.774915860042       6647.327496123317	
	 4846000.0          4899.000114875555          12206.50540035524       6640.237882943504	
	 4871000.0          4884.485103799954          12177.122677756215       6632.568989076716	
	 4896000.0          4873.518940529415          12154.987018183048       6631.576316370299	
	 4921000.0          4859.042597997175          12122.618819360561       6621.321367305589	
	 4946000.0          4844.52341321899          12089.279341886468       6610.1863998226	
	 4971000.0          4829.912700320257          12055.064609498451       6598.280994609257	
	 4996000.0          4815.2016024970835          12020.105569120959       6585.702491727309	
	 5021000.0          4800.517761919201          11984.710614457857       6572.618640461905	
	 5046000.0          4786.786686505969          11951.450997062895       6561.447673959026	
	 5071000.0          4774.62657627342          11922.040187079278       6553.76187916791	
	 5096000.0          4759.679306247347          11885.03000400547       6539.3396084845535	
	 5121000.0          4744.728016518735          11847.727588065223       6524.606281373899	
	 5146000.0          4729.70469784547          11809.980046021088       6509.519510940267	
	 5171000.0          4715.153624439956          11773.247578796216       6495.445696563592	
	 5196000.0          4703.200252498825          11743.303799199894       6487.460800556132	
	 5221000.0          4687.956626383177          11704.30123655662       6471.454416354795	
	 5246000.0          4672.641320076051          11664.88930557286       6455.151693513302	
	 5271000.0          4657.201210582912          11624.933789332988       6438.502317108888	
	 5296000.0          4641.633282077178          11584.427111104338       6421.506732848237	
	 5321000.0          4626.482299010804          11544.842134245964       6405.295840303426	
	 5346000.0          4614.495832065168          11513.847710443115       6396.717308206297	
	 5371000.0          4598.728596624113          11472.214089886278       6378.9700045803465	
	 5396000.0          4582.8479018500375          11430.065089349957       6360.903136745307	
	 5421000.0          4566.931817506706          11387.605860914784       6342.606169266285	
	 5446000.0          4550.9272304211245          11344.692501027695       6324.018521497221	
	 5471000.0          4538.734421785556          11312.448594890548       6314.834695173452	
	 5496000.0          4522.789404072277          11269.364617339905       6296.428398247301	
	 5521000.0          4506.51740312064          11225.116019608791       6277.036176086125	
	 5546000.0          4490.1289345320665          11180.31961509294       6257.31465840087	
	 5571000.0          4473.581158693088          11134.850045588064       6237.207740523442	
	 5596000.0          4459.260468502563          11095.702115873497       6222.674305759519	
	 5621000.0          4444.642329026208          11055.4948779144       6207.327250764453	
	 5646000.0          4410.565231217552          10940.668938948276       6137.957827478351	
	 5671000.0          4369.1181285067705          10803.735466885217       6049.472318064655	
	 5696000.0          4112.512992581501          10428.14359923115       5697.964911145092	
	 5721000.0          3991.155550833459          10239.949055476332       5558.522158997716	
	 5746000.0          3981.6445938596676          10196.47826328319       5535.373165288238	
	 5771000.0          3974.7608615437784          10154.082151831786       5513.802615282277	
	 5796000.0          3944.311112111711          10029.83093470443       5443.0073145131855	
	 5821000.0          3912.8014691028548          9901.843713591032       5370.072481190442	
	 5846000.0          3881.292773643468          9773.857624409906       5297.137456066894	
	 5871000.0          3849.78386722263          9645.870804079583       5224.209127435315	
	 5896000.0          3818.274257048641          9517.881639318812       5151.277971777619	
	 5921000.0          3786.765246032996          9389.895111857015       5078.349845242067	
	 5946000.0          3755.2560219957904          9261.90813953566       5005.417000679959	
	 5971000.0          3645.284252974853          9049.443030660368       4872.076042028968	
	 5996000.0          3551.97559633986          8887.098680921521       4773.694504072842	
	 6021000.0          3513.4060198284333          8809.049705952772       4734.8995530504335	
	 6046000.0          3498.4768011187175          8760.953063482077       4717.400081735537	
	 6071000.0          3483.5515072400367          8712.859790863016       4699.897240654097	
	 6096000.0          3468.6200586505815          8664.759300426584       4682.400524999587	
	 6121000.0          3453.68845188722          8616.661435233198       4664.896510606237	
	 6146000.0          3427.450687496035          8446.64437885529       4613.968490092352	
	 6171000.0          3387.5644942273193          8080.64598533128       4505.338785959985	
	 6196000.0          3364.3795745713373          7851.434797523452       4430.716139714376	
	 6221000.0          3367.100000000001          7879.759999999999       4424.957824147054	
	 6246000.0          3369.8142857142843          7908.081428571429       4419.199508921948	
	 6271000.0          3372.5285714285706          7936.402857142858       4413.441192597295	
	 6296000.0          3375.248848378677          7964.726782669156       4407.678990117271	
	 6321000.0          3284.167064119487          7754.61832386991       4305.140337714381	
	 6346000.0          2526.8882487668484          5666.968519724568       2908.276752221043	
