60	15
3480000.0	3496000.0
1	1	1	1e-05	1e-05	1e-05
2	1	0	9.99999999993501e-06	9.999999999818588e-06	9.9999999998506e-06
3	1	-1	1e-05	1e-05	1e-05
4	2	-2	1e-05	1e-05	1e-05
5	2	-1	1e-05	1e-05	1e-05
6	2	0	1.000000000002277e-05	1.0000000000486989e-05	9.999999999843413e-06
7	2	1	1e-05	1e-05	1e-05
8	2	2	1e-05	1e-05	1e-05
9	3	-3	1e-05	1e-05	1e-05
10	3	-2	1e-05	1e-05	1e-05
11	3	-1	1e-05	1e-05	1e-05
12	3	0	1.0000000000261917e-05	1.0000000000418322e-05	1.0000000000309281e-05
13	3	1	1e-05	1e-05	1e-05
14	3	2	1e-05	1e-05	1e-05
15	3	3	1e-05	1e-05	1e-05
3496000.0	3521000.0
1	1	1	1e-05	1e-05	1e-05
2	1	0	9.99999999995699e-06	9.999999999907864e-06	9.999999999869642e-06
3	1	-1	1e-05	1e-05	1e-05
4	2	-2	1e-05	1e-05	1e-05
5	2	-1	1e-05	1e-05	1e-05
6	2	0	1.0000000000251302e-05	9.999999999541385e-06	9.999999999902e-06
7	2	1	1e-05	1e-05	1e-05
8	2	2	1e-05	1e-05	1e-05
9	3	-3	1e-05	1e-05	1e-05
10	3	-2	1e-05	1e-05	1e-05
11	3	-1	1e-05	1e-05	1e-05
12	3	0	1.00000000003902e-05	1.0000000000365202e-05	1.0000000000348474e-05
13	3	1	1e-05	1e-05	1e-05
14	3	2	1e-05	1e-05	1e-05
15	3	3	1e-05	1e-05	1e-05
3521000.0	3546000.0
1	1	1	1e-05	1e-05	1e-05
2	1	0	9.999999999909382e-06	9.999999999886873e-06	9.99999999987058e-06
3	1	-1	1e-05	1e-05	1e-05
4	2	-2	1e-05	1e-05	1e-05
5	2	-1	1e-05	1e-05	1e-05
6	2	0	1e-05	9.999999999938435e-06	9.99999999966618e-06
7	2	1	1e-05	1e-05	1e-05
8	2	2	1e-05	1e-05	1e-05
9	3	-3	1e-05	1e-05	1e-05
10	3	-2	1e-05	1e-05	1e-05
11	3	-1	1e-05	1e-05	1e-05
12	3	0	1.0000000000291007e-05	1.0000000000396643e-05	1.0000000000340317e-05
13	3	1	1e-05	1e-05	1e-05
14	3	2	1e-05	1e-05	1e-05
15	3	3	1e-05	1e-05	1e-05
3546000.0	3571000.0
1	1	1	1e-05	1e-05	1e-05
2	1	0	9.99999999989454e-06	9.999999999836737e-06	9.999999999873547e-06
3	1	-1	1e-05	1e-05	1e-05
4	2	-2	1e-05	1e-05	1e-05
5	2	-1	1e-05	1e-05	1e-05
6	2	0	1.0000000000069225e-05	9.999999999968996e-06	9.999999999567021e-06
7	2	1	1e-05	1e-05	1e-05
8	2	2	1e-05	1e-05	1e-05
9	3	-3	1e-05	1e-05	1e-05
10	3	-2	1e-05	1e-05	1e-05
11	3	-1	1e-05	1e-05	1e-05
12	3	0	1.0000000000331496e-05	1.000000000034272e-05	1.0000000000354838e-05
13	3	1	1e-05	1e-05	1e-05
14	3	2	1e-05	1e-05	1e-05
15	3	3	1e-05	1e-05	1e-05
3571000.0	3596000.0
1	1	1	1e-05	1e-05	1e-05
2	1	0	9.999999999919577e-06	9.999999999854808e-06	9.999999999892794e-06
3	1	-1	1e-05	1e-05	1e-05
4	2	-2	1e-05	1e-05	1e-05
5	2	-1	1e-05	1e-05	1e-05
6	2	0	9.999999999883942e-06	9.99999999978138e-06	9.999999999861921e-06
7	2	1	1e-05	1e-05	1e-05
8	2	2	1e-05	1e-05	1e-05
9	3	-3	1e-05	1e-05	1e-05
10	3	-2	1e-05	1e-05	1e-05
11	3	-1	1e-05	1e-05	1e-05
12	3	0	1.0000000000367e-05	1.000000000032233e-05	1.000000000028382e-05
13	3	1	1e-05	1e-05	1e-05
14	3	2	1e-05	1e-05	1e-05
15	3	3	1e-05	1e-05	1e-05
3596000.0	3621000.0
1	1	1	1e-05	1e-05	1e-05
2	1	0	9.999999999923834e-06	9.999999999907085e-06	9.999999999935777e-06
3	1	-1	1e-05	1e-05	1e-05
4	2	-2	1e-05	1e-05	1e-05
5	2	-1	1e-05	1e-05	1e-05
6	2	0	9.999999999696446e-06	9.999999999937078e-06	9.999999999644125e-06
7	2	1	1e-05	1e-05	1e-05
8	2	2	1e-05	1e-05	1e-05
9	3	-3	1e-05	1e-05	1e-05
10	3	-2	1e-05	1e-05	1e-05
11	3	-1	1e-05	1e-05	1e-05
12	3	0	1.0000000000298695e-05	1.0000000000358038e-05	1.0000000000313406e-05
13	3	1	1e-05	1e-05	1e-05
14	3	2	1e-05	1e-05	1e-05
15	3	3	1e-05	1e-05	1e-05
3621000.0	3646000.0
1	1	1	1e-05	1e-05	1e-05
2	1	0	9.999999999885543e-06	9.999999999802358e-06	9.999999999928394e-06
3	1	-1	1e-05	1e-05	1e-05
4	2	-2	1e-05	1e-05	1e-05
5	2	-1	1e-05	1e-05	1e-05
6	2	0	1e-05	9.999999999746465e-06	1.0000000000178345e-05
7	2	1	1e-05	1e-05	1e-05
8	2	2	1e-05	1e-05	1e-05
9	3	-3	1e-05	1e-05	1e-05
10	3	-2	1e-05	1e-05	1e-05
11	3	-1	1e-05	1e-05	1e-05
12	3	0	1.0000000000369865e-05	1.0000000000319432e-05	1.0000000000356354e-05
13	3	1	1e-05	1e-05	1e-05
14	3	2	1e-05	1e-05	1e-05
15	3	3	1e-05	1e-05	1e-05
3646000.0	3671000.0
1	1	1	1e-05	1e-05	1e-05
2	1	0	9.999999999866319e-06	9.999999999942059e-06	9.999999999939536e-06
3	1	-1	1e-05	1e-05	1e-05
4	2	-2	1e-05	1e-05	1e-05
5	2	-1	1e-05	1e-05	1e-05
6	2	0	9.999999999716297e-06	1e-05	1.0000000000198655e-05
7	2	1	1e-05	1e-05	1e-05
8	2	2	1e-05	1e-05	1e-05
9	3	-3	1e-05	1e-05	1e-05
10	3	-2	1e-05	1e-05	1e-05
11	3	-1	1e-05	1e-05	1e-05
12	3	0	1.0000000000275612e-05	1.0000000000333115e-05	1.0000000000301707e-05
13	3	1	1e-05	1e-05	1e-05
14	3	2	1e-05	1e-05	1e-05
15	3	3	1e-05	1e-05	1e-05
3671000.0	3696000.0
1	1	1	1e-05	1e-05	1e-05
2	1	0	9.99999999986338e-06	9.99999999990643e-06	9.99999999989158e-06
3	1	-1	1e-05	1e-05	1e-05
4	2	-2	1e-05	1e-05	1e-05
5	2	-1	1e-05	1e-05	1e-05
6	2	0	1.0000000000119082e-05	1.0000000000257656e-05	9.999999999561546e-06
7	2	1	1e-05	1e-05	1e-05
8	2	2	1e-05	1e-05	1e-05
9	3	-3	1e-05	1e-05	1e-05
10	3	-2	1e-05	1e-05	1e-05
11	3	-1	1e-05	1e-05	1e-05
12	3	0	1.0000000000397662e-05	1.000000000028361e-05	1.000000000030966e-05
13	3	1	1e-05	1e-05	1e-05
14	3	2	1e-05	1e-05	1e-05
15	3	3	1e-05	1e-05	1e-05
3696000.0	3721000.0
1	1	1	1e-05	1e-05	1e-05
2	1	0	9.999999999957354e-06	9.999999999891857e-06	9.999999999874238e-06
3	1	-1	1e-05	1e-05	1e-05
4	2	-2	1e-05	1e-05	1e-05
5	2	-1	1e-05	1e-05	1e-05
6	2	0	9.999999999638096e-06	9.999999999773026e-06	9.999999999759667e-06
7	2	1	1e-05	1e-05	1e-05
8	2	2	1e-05	1e-05	1e-05
9	3	-3	1e-05	1e-05	1e-05
10	3	-2	1e-05	1e-05	1e-05
11	3	-1	1e-05	1e-05	1e-05
12	3	0	1.0000000000327032e-05	1.0000000000374174e-05	1.0000000000327372e-05
13	3	1	1e-05	1e-05	1e-05
14	3	2	1e-05	1e-05	1e-05
15	3	3	1e-05	1e-05	1e-05
3721000.0	3746000.0
1	1	1	1e-05	1e-05	1e-05
2	1	0	9.999999999888142e-06	9.999999999931603e-06	9.999999999781073e-06
3	1	-1	1e-05	1e-05	1e-05
4	2	-2	1e-05	1e-05	1e-05
5	2	-1	1e-05	1e-05	1e-05
6	2	0	9.99999999992658e-06	9.999999999772352e-06	9.999999999738237e-06
7	2	1	1e-05	1e-05	1e-05
8	2	2	1e-05	1e-05	1e-05
9	3	-3	1e-05	1e-05	1e-05
10	3	-2	1e-05	1e-05	1e-05
11	3	-1	1e-05	1e-05	1e-05
12	3	0	1.0000000000407512e-05	1.0000000000327755e-05	1.000000000034754e-05
13	3	1	1e-05	1e-05	1e-05
14	3	2	1e-05	1e-05	1e-05
15	3	3	1e-05	1e-05	1e-05
3746000.0	3771000.0
1	1	1	1e-05	1e-05	1e-05
2	1	0	9.999999999928532e-06	9.999999999850711e-06	9.999999999842104e-06
3	1	-1	1e-05	1e-05	1e-05
4	2	-2	1e-05	1e-05	1e-05
5	2	-1	1e-05	1e-05	1e-05
6	2	0	9.99999999977722e-06	1.0000000000553027e-05	9.999999999838187e-06
7	2	1	1e-05	1e-05	1e-05
8	2	2	1e-05	1e-05	1e-05
9	3	-3	1e-05	1e-05	1e-05
10	3	-2	1e-05	1e-05	1e-05
11	3	-1	1e-05	1e-05	1e-05
12	3	0	1.000000000026064e-05	1.0000000000352053e-05	1.0000000000335517e-05
13	3	1	1e-05	1e-05	1e-05
14	3	2	1e-05	1e-05	1e-05
15	3	3	1e-05	1e-05	1e-05
3771000.0	3796000.0
1	1	1	1e-05	1e-05	1e-05
2	1	0	9.999999999867803e-06	9.999999999867915e-06	9.999999999898269e-06
3	1	-1	1e-05	1e-05	1e-05
4	2	-2	1e-05	1e-05	1e-05
5	2	-1	1e-05	1e-05	1e-05
6	2	0	9.999999999725274e-06	9.999999999413529e-06	9.999999999796974e-06
7	2	1	1e-05	1e-05	1e-05
8	2	2	1e-05	1e-05	1e-05
9	3	-3	1e-05	1e-05	1e-05
10	3	-2	1e-05	1e-05	1e-05
11	3	-1	1e-05	1e-05	1e-05
12	3	0	1.0000000000334633e-05	1.0000000000368865e-05	1.000000000033648e-05
13	3	1	1e-05	1e-05	1e-05
14	3	2	1e-05	1e-05	1e-05
15	3	3	1e-05	1e-05	1e-05
3796000.0	3821000.0
1	1	1	1e-05	1e-05	1e-05
2	1	0	9.999999999834465e-06	9.999999999863215e-06	9.9999999998844e-06
3	1	-1	1e-05	1e-05	1e-05
4	2	-2	1e-05	1e-05	1e-05
5	2	-1	1e-05	1e-05	1e-05
6	2	0	9.99999999977296e-06	1.0000000000065294e-05	1.0000000000142682e-05
7	2	1	1e-05	1e-05	1e-05
8	2	2	1e-05	1e-05	1e-05
9	3	-3	1e-05	1e-05	1e-05
10	3	-2	1e-05	1e-05	1e-05
11	3	-1	1e-05	1e-05	1e-05
12	3	0	1.0000000000427812e-05	1.0000000000304026e-05	1.0000000000347638e-05
13	3	1	1e-05	1e-05	1e-05
14	3	2	1e-05	1e-05	1e-05
15	3	3	1e-05	1e-05	1e-05
3821000.0	3846000.0
1	1	1	1e-05	1e-05	1e-05
2	1	0	9.999999999913934e-06	9.999999999899575e-06	9.999999999899141e-06
3	1	-1	1e-05	1e-05	1e-05
4	2	-2	1e-05	1e-05	1e-05
5	2	-1	1e-05	1e-05	1e-05
6	2	0	9.999999999340577e-06	9.999999999934166e-06	9.999999999632255e-06
7	2	1	1e-05	1e-05	1e-05
8	2	2	1e-05	1e-05	1e-05
9	3	-3	1e-05	1e-05	1e-05
10	3	-2	1e-05	1e-05	1e-05
11	3	-1	1e-05	1e-05	1e-05
12	3	0	1.0000000000280728e-05	1.0000000000368547e-05	1.0000000000317775e-05
13	3	1	1e-05	1e-05	1e-05
14	3	2	1e-05	1e-05	1e-05
15	3	3	1e-05	1e-05	1e-05
3846000.0	3871000.0
1	1	1	1e-05	1e-05	1e-05
2	1	0	9.999999999880346e-06	9.999999999909595e-06	9.999999999901411e-06
3	1	-1	1e-05	1e-05	1e-05
4	2	-2	1e-05	1e-05	1e-05
5	2	-1	1e-05	1e-05	1e-05
6	2	0	1.0000000000178498e-05	9.999999999966809e-06	9.999999999508525e-06
7	2	1	1e-05	1e-05	1e-05
8	2	2	1e-05	1e-05	1e-05
9	3	-3	1e-05	1e-05	1e-05
10	3	-2	1e-05	1e-05	1e-05
11	3	-1	1e-05	1e-05	1e-05
12	3	0	1.0000000000421317e-05	1.000000000033996e-05	1.0000000000337045e-05
13	3	1	1e-05	1e-05	1e-05
14	3	2	1e-05	1e-05	1e-05
15	3	3	1e-05	1e-05	1e-05
3871000.0	3896000.0
1	1	1	1e-05	1e-05	1e-05
2	1	0	9.999999999876652e-06	9.999999999946367e-06	9.999999999892331e-06
3	1	-1	1e-05	1e-05	1e-05
4	2	-2	1e-05	1e-05	1e-05
5	2	-1	1e-05	1e-05	1e-05
6	2	0	9.999999999666617e-06	9.999999999966523e-06	1e-05
7	2	1	1e-05	1e-05	1e-05
8	2	2	1e-05	1e-05	1e-05
9	3	-3	1e-05	1e-05	1e-05
10	3	-2	1e-05	1e-05	1e-05
11	3	-1	1e-05	1e-05	1e-05
12	3	0	1.0000000000323091e-05	1.0000000000272022e-05	1.0000000000300174e-05
13	3	1	1e-05	1e-05	1e-05
14	3	2	1e-05	1e-05	1e-05
15	3	3	1e-05	1e-05	1e-05
3896000.0	3921000.0
1	1	1	1e-05	1e-05	1e-05
2	1	0	9.999999999908022e-06	9.999999999880552e-06	9.99999999985214e-06
3	1	-1	1e-05	1e-05	1e-05
4	2	-2	1e-05	1e-05	1e-05
5	2	-1	1e-05	1e-05	1e-05
6	2	0	9.999999999768424e-06	9.999999999730043e-06	1.000000000002057e-05
7	2	1	1e-05	1e-05	1e-05
8	2	2	1e-05	1e-05	1e-05
9	3	-3	1e-05	1e-05	1e-05
10	3	-2	1e-05	1e-05	1e-05
11	3	-1	1e-05	1e-05	1e-05
12	3	0	1.000000000032322e-05	1.0000000000326305e-05	1.00000000003531e-05
13	3	1	1e-05	1e-05	1e-05
14	3	2	1e-05	1e-05	1e-05
15	3	3	1e-05	1e-05	1e-05
3921000.0	3946000.0
1	1	1	1e-05	1e-05	1e-05
2	1	0	9.99999999987528e-06	9.999999999932384e-06	9.999999999875302e-06
3	1	-1	1e-05	1e-05	1e-05
4	2	-2	1e-05	1e-05	1e-05
5	2	-1	1e-05	1e-05	1e-05
6	2	0	1.0000000000051741e-05	9.999999999727771e-06	9.999999999876297e-06
7	2	1	1e-05	1e-05	1e-05
8	2	2	1e-05	1e-05	1e-05
9	3	-3	1e-05	1e-05	1e-05
10	3	-2	1e-05	1e-05	1e-05
11	3	-1	1e-05	1e-05	1e-05
12	3	0	1.000000000035409e-05	1.0000000000307453e-05	1.0000000000337577e-05
13	3	1	1e-05	1e-05	1e-05
14	3	2	1e-05	1e-05	1e-05
15	3	3	1e-05	1e-05	1e-05
3946000.0	3971000.0
1	1	1	1e-05	1e-05	1e-05
2	1	0	9.99999999988311e-06	9.999999999889688e-06	9.999999999858965e-06
3	1	-1	1e-05	1e-05	1e-05
4	2	-2	1e-05	1e-05	1e-05
5	2	-1	1e-05	1e-05	1e-05
6	2	0	9.999999999869932e-06	9.999999999965682e-06	9.999999999731334e-06
7	2	1	1e-05	1e-05	1e-05
8	2	2	1e-05	1e-05	1e-05
9	3	-3	1e-05	1e-05	1e-05
10	3	-2	1e-05	1e-05	1e-05
11	3	-1	1e-05	1e-05	1e-05
12	3	0	1.0000000000293286e-05	1.000000000039456e-05	1.0000000000295254e-05
13	3	1	1e-05	1e-05	1e-05
14	3	2	1e-05	1e-05	1e-05
15	3	3	1e-05	1e-05	1e-05
3971000.0	3996000.0
1	1	1	1e-05	1e-05	1e-05
2	1	0	9.999999999916361e-06	9.99999999989589e-06	9.999999999823688e-06
3	1	-1	1e-05	1e-05	1e-05
4	2	-2	1e-05	1e-05	1e-05
5	2	-1	1e-05	1e-05	1e-05
6	2	0	1.0000000000418566e-05	1.0000000000346127e-05	9.999999999792833e-06
7	2	1	1e-05	1e-05	1e-05
8	2	2	1e-05	1e-05	1e-05
9	3	-3	1e-05	1e-05	1e-05
10	3	-2	1e-05	1e-05	1e-05
11	3	-1	1e-05	1e-05	1e-05
12	3	0	1.0000000000403915e-05	1.0000000000394808e-05	1.0000000000370791e-05
13	3	1	1e-05	1e-05	1e-05
14	3	2	1e-05	1e-05	1e-05
15	3	3	1e-05	1e-05	1e-05
3996000.0	4021000.0
1	1	1	1e-05	1e-05	1e-05
2	1	0	9.99999999993252e-06	9.999999999939308e-06	9.99999999991448e-06
3	1	-1	1e-05	1e-05	1e-05
4	2	-2	1e-05	1e-05	1e-05
5	2	-1	1e-05	1e-05	1e-05
6	2	0	1e-05	9.999999999615966e-06	9.999999999730026e-06
7	2	1	1e-05	1e-05	1e-05
8	2	2	1e-05	1e-05	1e-05
9	3	-3	1e-05	1e-05	1e-05
10	3	-2	1e-05	1e-05	1e-05
11	3	-1	1e-05	1e-05	1e-05
12	3	0	1.0000000000317787e-05	1.0000000000345123e-05	1.0000000000281768e-05
13	3	1	1e-05	1e-05	1e-05
14	3	2	1e-05	1e-05	1e-05
15	3	3	1e-05	1e-05	1e-05
4021000.0	4046000.0
1	1	1	1e-05	1e-05	1e-05
2	1	0	9.999999999860252e-06	9.999999999810848e-06	9.999999999946543e-06
3	1	-1	1e-05	1e-05	1e-05
4	2	-2	1e-05	1e-05	1e-05
5	2	-1	1e-05	1e-05	1e-05
6	2	0	1.000000000010584e-05	1.0000000000352145e-05	9.999999999916729e-06
7	2	1	1e-05	1e-05	1e-05
8	2	2	1e-05	1e-05	1e-05
9	3	-3	1e-05	1e-05	1e-05
10	3	-2	1e-05	1e-05	1e-05
11	3	-1	1e-05	1e-05	1e-05
12	3	0	1.0000000000377374e-05	1.0000000000399622e-05	1.000000000031922e-05
13	3	1	1e-05	1e-05	1e-05
14	3	2	1e-05	1e-05	1e-05
15	3	3	1e-05	1e-05	1e-05
4046000.0	4071000.0
1	1	1	1e-05	1e-05	1e-05
2	1	0	9.999999999877935e-06	9.999999999804997e-06	9.999999999945533e-06
3	1	-1	1e-05	1e-05	1e-05
4	2	-2	1e-05	1e-05	1e-05
5	2	-1	1e-05	1e-05	1e-05
6	2	0	1.0000000000079822e-05	1.0000000000071038e-05	9.999999999624376e-06
7	2	1	1e-05	1e-05	1e-05
8	2	2	1e-05	1e-05	1e-05
9	3	-3	1e-05	1e-05	1e-05
10	3	-2	1e-05	1e-05	1e-05
11	3	-1	1e-05	1e-05	1e-05
12	3	0	1.0000000000337621e-05	1.0000000000335663e-05	1.0000000000301683e-05
13	3	1	1e-05	1e-05	1e-05
14	3	2	1e-05	1e-05	1e-05
15	3	3	1e-05	1e-05	1e-05
4071000.0	4096000.0
1	1	1	1e-05	1e-05	1e-05
2	1	0	9.99999999985986e-06	9.99999999990593e-06	9.99999999987602e-06
3	1	-1	1e-05	1e-05	1e-05
4	2	-2	1e-05	1e-05	1e-05
5	2	-1	1e-05	1e-05	1e-05
6	2	0	1.000000000010679e-05	9.999999999355534e-06	1.0000000000104521e-05
7	2	1	1e-05	1e-05	1e-05
8	2	2	1e-05	1e-05	1e-05
9	3	-3	1e-05	1e-05	1e-05
10	3	-2	1e-05	1e-05	1e-05
11	3	-1	1e-05	1e-05	1e-05
12	3	0	1.0000000000373334e-05	1.000000000038529e-05	1.0000000000337276e-05
13	3	1	1e-05	1e-05	1e-05
14	3	2	1e-05	1e-05	1e-05
15	3	3	1e-05	1e-05	1e-05
4096000.0	4121000.0
1	1	1	1e-05	1e-05	1e-05
2	1	0	9.999999999955852e-06	9.999999999905567e-06	9.999999999937534e-06
3	1	-1	1e-05	1e-05	1e-05
4	2	-2	1e-05	1e-05	1e-05
5	2	-1	1e-05	1e-05	1e-05
6	2	0	9.999999999704603e-06	9.999999999819398e-06	9.999999999958088e-06
7	2	1	1e-05	1e-05	1e-05
8	2	2	1e-05	1e-05	1e-05
9	3	-3	1e-05	1e-05	1e-05
10	3	-2	1e-05	1e-05	1e-05
11	3	-1	1e-05	1e-05	1e-05
12	3	0	1.0000000000329688e-05	1.0000000000366614e-05	1.0000000000367312e-05
13	3	1	1e-05	1e-05	1e-05
14	3	2	1e-05	1e-05	1e-05
15	3	3	1e-05	1e-05	1e-05
4121000.0	4146000.0
1	1	1	1e-05	1e-05	1e-05
2	1	0	9.999999999892345e-06	9.999999999913996e-06	9.99999999993905e-06
3	1	-1	1e-05	1e-05	1e-05
4	2	-2	1e-05	1e-05	1e-05
5	2	-1	1e-05	1e-05	1e-05
6	2	0	1.0000000000054026e-05	1.0000000000109319e-05	9.99999999985294e-06
7	2	1	1e-05	1e-05	1e-05
8	2	2	1e-05	1e-05	1e-05
9	3	-3	1e-05	1e-05	1e-05
10	3	-2	1e-05	1e-05	1e-05
11	3	-1	1e-05	1e-05	1e-05
12	3	0	1.0000000000385113e-05	1.0000000000318841e-05	1.0000000000280782e-05
13	3	1	1e-05	1e-05	1e-05
14	3	2	1e-05	1e-05	1e-05
15	3	3	1e-05	1e-05	1e-05
4146000.0	4171000.0
1	1	1	1e-05	1e-05	1e-05
2	1	0	9.999999999858136e-06	9.999999999897342e-06	9.99999999984186e-06
3	1	-1	1e-05	1e-05	1e-05
4	2	-2	1e-05	1e-05	1e-05
5	2	-1	1e-05	1e-05	1e-05
6	2	0	9.99999999940219e-06	9.999999999816183e-06	9.999999999620893e-06
7	2	1	1e-05	1e-05	1e-05
8	2	2	1e-05	1e-05	1e-05
9	3	-3	1e-05	1e-05	1e-05
10	3	-2	1e-05	1e-05	1e-05
11	3	-1	1e-05	1e-05	1e-05
12	3	0	1.0000000000312463e-05	1.0000000000316856e-05	1.0000000000356185e-05
13	3	1	1e-05	1e-05	1e-05
14	3	2	1e-05	1e-05	1e-05
15	3	3	1e-05	1e-05	1e-05
4171000.0	4196000.0
1	1	1	1e-05	1e-05	1e-05
2	1	0	9.999999999860237e-06	9.999999999861818e-06	9.999999999824633e-06
3	1	-1	1e-05	1e-05	1e-05
4	2	-2	1e-05	1e-05	1e-05
5	2	-1	1e-05	1e-05	1e-05
6	2	0	1.0000000000164017e-05	9.999999999851633e-06	1.0000000000126686e-05
7	2	1	1e-05	1e-05	1e-05
8	2	2	1e-05	1e-05	1e-05
9	3	-3	1e-05	1e-05	1e-05
10	3	-2	1e-05	1e-05	1e-05
11	3	-1	1e-05	1e-05	1e-05
12	3	0	1.0000000000409802e-05	1.0000000000327628e-05	1.0000000000362719e-05
13	3	1	1e-05	1e-05	1e-05
14	3	2	1e-05	1e-05	1e-05
15	3	3	1e-05	1e-05	1e-05
4196000.0	4221000.0
1	1	1	1e-05	1e-05	1e-05
2	1	0	9.999999999933924e-06	9.999999999922845e-06	9.999999999831008e-06
3	1	-1	1e-05	1e-05	1e-05
4	2	-2	1e-05	1e-05	1e-05
5	2	-1	1e-05	1e-05	1e-05
6	2	0	9.999999999724981e-06	9.99999999962573e-06	9.999999999830659e-06
7	2	1	1e-05	1e-05	1e-05
8	2	2	1e-05	1e-05	1e-05
9	3	-3	1e-05	1e-05	1e-05
10	3	-2	1e-05	1e-05	1e-05
11	3	-1	1e-05	1e-05	1e-05
12	3	0	1.0000000000317194e-05	1.000000000029687e-05	1.0000000000329232e-05
13	3	1	1e-05	1e-05	1e-05
14	3	2	1e-05	1e-05	1e-05
15	3	3	1e-05	1e-05	1e-05
4221000.0	4246000.0
1	1	1	1e-05	1e-05	1e-05
2	1	0	9.99999999982213e-06	9.999999999929909e-06	9.999999999851203e-06
3	1	-1	1e-05	1e-05	1e-05
4	2	-2	1e-05	1e-05	1e-05
5	2	-1	1e-05	1e-05	1e-05
6	2	0	9.999999999833982e-06	9.999999999867825e-06	1.0000000000084887e-05
7	2	1	1e-05	1e-05	1e-05
8	2	2	1e-05	1e-05	1e-05
9	3	-3	1e-05	1e-05	1e-05
10	3	-2	1e-05	1e-05	1e-05
11	3	-1	1e-05	1e-05	1e-05
12	3	0	1.000000000040852e-05	1.0000000000234897e-05	1.0000000000357076e-05
13	3	1	1e-05	1e-05	1e-05
14	3	2	1e-05	1e-05	1e-05
15	3	3	1e-05	1e-05	1e-05
4246000.0	4271000.0
1	1	1	1e-05	1e-05	1e-05
2	1	0	9.999999999893385e-06	9.999999999892768e-06	9.999999999922167e-06
3	1	-1	1e-05	1e-05	1e-05
4	2	-2	1e-05	1e-05	1e-05
5	2	-1	1e-05	1e-05	1e-05
6	2	0	1.000000000030576e-05	9.999999999638111e-06	9.999999999851125e-06
7	2	1	1e-05	1e-05	1e-05
8	2	2	1e-05	1e-05	1e-05
9	3	-3	1e-05	1e-05	1e-05
10	3	-2	1e-05	1e-05	1e-05
11	3	-1	1e-05	1e-05	1e-05
12	3	0	1.0000000000355316e-05	1.0000000000288168e-05	1.000000000030786e-05
13	3	1	1e-05	1e-05	1e-05
14	3	2	1e-05	1e-05	1e-05
15	3	3	1e-05	1e-05	1e-05
4271000.0	4296000.0
1	1	1	1e-05	1e-05	1e-05
2	1	0	9.999999999956992e-06	9.999999999916048e-06	9.999999999828605e-06
3	1	-1	1e-05	1e-05	1e-05
4	2	-2	1e-05	1e-05	1e-05
5	2	-1	1e-05	1e-05	1e-05
6	2	0	9.999999999832343e-06	9.999999999865482e-06	9.999999999872094e-06
7	2	1	1e-05	1e-05	1e-05
8	2	2	1e-05	1e-05	1e-05
9	3	-3	1e-05	1e-05	1e-05
10	3	-2	1e-05	1e-05	1e-05
11	3	-1	1e-05	1e-05	1e-05
12	3	0	1.000000000034923e-05	1.0000000000338167e-05	1.0000000000335197e-05
13	3	1	1e-05	1e-05	1e-05
14	3	2	1e-05	1e-05	1e-05
15	3	3	1e-05	1e-05	1e-05
4296000.0	4321000.0
1	1	1	1e-05	1e-05	1e-05
2	1	0	9.999999999923846e-06	9.999999999895653e-06	9.999999999910452e-06
3	1	-1	1e-05	1e-05	1e-05
4	2	-2	1e-05	1e-05	1e-05
5	2	-1	1e-05	1e-05	1e-05
6	2	0	9.999999999971883e-06	9.999999999747875e-06	9.99999999993588e-06
7	2	1	1e-05	1e-05	1e-05
8	2	2	1e-05	1e-05	1e-05
9	3	-3	1e-05	1e-05	1e-05
10	3	-2	1e-05	1e-05	1e-05
11	3	-1	1e-05	1e-05	1e-05
12	3	0	1.0000000000336771e-05	1.0000000000355631e-05	1.000000000028571e-05
13	3	1	1e-05	1e-05	1e-05
14	3	2	1e-05	1e-05	1e-05
15	3	3	1e-05	1e-05	1e-05
4321000.0	4346000.0
1	1	1	1e-05	1e-05	1e-05
2	1	0	9.999999999863093e-06	9.999999999882556e-06	9.999999999973516e-06
3	1	-1	1e-05	1e-05	1e-05
4	2	-2	1e-05	1e-05	1e-05
5	2	-1	1e-05	1e-05	1e-05
6	2	0	9.999999999858516e-06	1.0000000000137013e-05	1.0000000000128572e-05
7	2	1	1e-05	1e-05	1e-05
8	2	2	1e-05	1e-05	1e-05
9	3	-3	1e-05	1e-05	1e-05
10	3	-2	1e-05	1e-05	1e-05
11	3	-1	1e-05	1e-05	1e-05
12	3	0	1.000000000034046e-05	1.0000000000350569e-05	1.0000000000232218e-05
13	3	1	1e-05	1e-05	1e-05
14	3	2	1e-05	1e-05	1e-05
15	3	3	1e-05	1e-05	1e-05
4346000.0	4371000.0
1	1	1	1e-05	1e-05	1e-05
2	1	0	9.99999999980373e-06	9.999999999916268e-06	9.999999999880293e-06
3	1	-1	1e-05	1e-05	1e-05
4	2	-2	1e-05	1e-05	1e-05
5	2	-1	1e-05	1e-05	1e-05
6	2	0	1.0000000000085434e-05	9.999999999743187e-06	9.999999999914064e-06
7	2	1	1e-05	1e-05	1e-05
8	2	2	1e-05	1e-05	1e-05
9	3	-3	1e-05	1e-05	1e-05
10	3	-2	1e-05	1e-05	1e-05
11	3	-1	1e-05	1e-05	1e-05
12	3	0	1.0000000000331377e-05	1.000000000035202e-05	1.0000000000305963e-05
13	3	1	1e-05	1e-05	1e-05
14	3	2	1e-05	1e-05	1e-05
15	3	3	1e-05	1e-05	1e-05
4371000.0	4396000.0
1	1	1	1e-05	1e-05	1e-05
2	1	0	9.99999999983736e-06	9.999999999884792e-06	9.99999999998151e-06
3	1	-1	1e-05	1e-05	1e-05
4	2	-2	1e-05	1e-05	1e-05
5	2	-1	1e-05	1e-05	1e-05
6	2	0	1.0000000000057326e-05	9.999999999800602e-06	9.999999999806135e-06
7	2	1	1e-05	1e-05	1e-05
8	2	2	1e-05	1e-05	1e-05
9	3	-3	1e-05	1e-05	1e-05
10	3	-2	1e-05	1e-05	1e-05
11	3	-1	1e-05	1e-05	1e-05
12	3	0	1.0000000000310526e-05	1.0000000000287194e-05	1.0000000000284865e-05
13	3	1	1e-05	1e-05	1e-05
14	3	2	1e-05	1e-05	1e-05
15	3	3	1e-05	1e-05	1e-05
4396000.0	4421000.0
1	1	1	1e-05	1e-05	1e-05
2	1	0	9.999999999911698e-06	9.999999999907805e-06	9.999999999910188e-06
3	1	-1	1e-05	1e-05	1e-05
4	2	-2	1e-05	1e-05	1e-05
5	2	-1	1e-05	1e-05	1e-05
6	2	0	1.0000000000086471e-05	1.0000000000181112e-05	9.999999999719294e-06
7	2	1	1e-05	1e-05	1e-05
8	2	2	1e-05	1e-05	1e-05
9	3	-3	1e-05	1e-05	1e-05
10	3	-2	1e-05	1e-05	1e-05
11	3	-1	1e-05	1e-05	1e-05
12	3	0	1.0000000000280138e-05	1.0000000000372407e-05	1.0000000000313886e-05
13	3	1	1e-05	1e-05	1e-05
14	3	2	1e-05	1e-05	1e-05
15	3	3	1e-05	1e-05	1e-05
4421000.0	4446000.0
1	1	1	1e-05	1e-05	1e-05
2	1	0	9.999999999906571e-06	9.999999999931925e-06	9.99999999984339e-06
3	1	-1	1e-05	1e-05	1e-05
4	2	-2	1e-05	1e-05	1e-05
5	2	-1	1e-05	1e-05	1e-05
6	2	0	9.999999999942072e-06	9.999999999472066e-06	1e-05
7	2	1	1e-05	1e-05	1e-05
8	2	2	1e-05	1e-05	1e-05
9	3	-3	1e-05	1e-05	1e-05
10	3	-2	1e-05	1e-05	1e-05
11	3	-1	1e-05	1e-05	1e-05
12	3	0	1.0000000000288375e-05	1.0000000000294992e-05	1.0000000000401784e-05
13	3	1	1e-05	1e-05	1e-05
14	3	2	1e-05	1e-05	1e-05
15	3	3	1e-05	1e-05	1e-05
4446000.0	4471000.0
1	1	1	1e-05	1e-05	1e-05
2	1	0	9.999999999853076e-06	9.999999999910293e-06	9.999999999918904e-06
3	1	-1	1e-05	1e-05	1e-05
4	2	-2	1e-05	1e-05	1e-05
5	2	-1	1e-05	1e-05	1e-05
6	2	0	9.999999999766738e-06	1.0000000000061494e-05	1e-05
7	2	1	1e-05	1e-05	1e-05
8	2	2	1e-05	1e-05	1e-05
9	3	-3	1e-05	1e-05	1e-05
10	3	-2	1e-05	1e-05	1e-05
11	3	-1	1e-05	1e-05	1e-05
12	3	0	1.0000000000336363e-05	1.0000000000348633e-05	1.000000000032902e-05
13	3	1	1e-05	1e-05	1e-05
14	3	2	1e-05	1e-05	1e-05
15	3	3	1e-05	1e-05	1e-05
4471000.0	4496000.0
1	1	1	1e-05	1e-05	1e-05
2	1	0	9.999999999876937e-06	9.999999999912289e-06	9.99999999991313e-06
3	1	-1	1e-05	1e-05	1e-05
4	2	-2	1e-05	1e-05	1e-05
5	2	-1	1e-05	1e-05	1e-05
6	2	0	9.99999999994129e-06	9.999999999875838e-06	9.999999999912973e-06
7	2	1	1e-05	1e-05	1e-05
8	2	2	1e-05	1e-05	1e-05
9	3	-3	1e-05	1e-05	1e-05
10	3	-2	1e-05	1e-05	1e-05
11	3	-1	1e-05	1e-05	1e-05
12	3	0	1.0000000000301682e-05	1.0000000000273882e-05	1.0000000000291568e-05
13	3	1	1e-05	1e-05	1e-05
14	3	2	1e-05	1e-05	1e-05
15	3	3	1e-05	1e-05	1e-05
4496000.0	4521000.0
1	1	1	1e-05	1e-05	1e-05
2	1	0	9.999999999902878e-06	9.999999999843691e-06	9.999999999868848e-06
3	1	-1	1e-05	1e-05	1e-05
4	2	-2	1e-05	1e-05	1e-05
5	2	-1	1e-05	1e-05	1e-05
6	2	0	1.0000000000236469e-05	9.999999999874642e-06	9.99999999991274e-06
7	2	1	1e-05	1e-05	1e-05
8	2	2	1e-05	1e-05	1e-05
9	3	-3	1e-05	1e-05	1e-05
10	3	-2	1e-05	1e-05	1e-05
11	3	-1	1e-05	1e-05	1e-05
12	3	0	1.000000000037876e-05	1.000000000036409e-05	1.000000000033217e-05
13	3	1	1e-05	1e-05	1e-05
14	3	2	1e-05	1e-05	1e-05
15	3	3	1e-05	1e-05	1e-05
4521000.0	4546000.0
1	1	1	1e-05	1e-05	1e-05
2	1	0	9.999999999939882e-06	9.999999999880095e-06	9.99999999987969e-06
3	1	-1	1e-05	1e-05	1e-05
4	2	-2	1e-05	1e-05	1e-05
5	2	-1	1e-05	1e-05	1e-05
6	2	0	1e-05	9.999999999599207e-06	9.999999999868755e-06
7	2	1	1e-05	1e-05	1e-05
8	2	2	1e-05	1e-05	1e-05
9	3	-3	1e-05	1e-05	1e-05
10	3	-2	1e-05	1e-05	1e-05
11	3	-1	1e-05	1e-05	1e-05
12	3	0	1.0000000000339456e-05	1.0000000000343325e-05	1.000000000037154e-05
13	3	1	1e-05	1e-05	1e-05
14	3	2	1e-05	1e-05	1e-05
15	3	3	1e-05	1e-05	1e-05
4546000.0	4571000.0
1	1	1	1e-05	1e-05	1e-05
2	1	0	9.99999999990506e-06	9.99999999991131e-06	9.9999999999119e-06
3	1	-1	1e-05	1e-05	1e-05
4	2	-2	1e-05	1e-05	1e-05
5	2	-1	1e-05	1e-05	1e-05
6	2	0	1.0000000000239806e-05	9.999999999680524e-06	9.999999999583262e-06
7	2	1	1e-05	1e-05	1e-05
8	2	2	1e-05	1e-05	1e-05
9	3	-3	1e-05	1e-05	1e-05
10	3	-2	1e-05	1e-05	1e-05
11	3	-1	1e-05	1e-05	1e-05
12	3	0	1.0000000000345622e-05	1.0000000000311719e-05	1.0000000000301016e-05
13	3	1	1e-05	1e-05	1e-05
14	3	2	1e-05	1e-05	1e-05
15	3	3	1e-05	1e-05	1e-05
4571000.0	4596000.0
1	1	1	1e-05	1e-05	1e-05
2	1	0	9.999999999911379e-06	9.999999999897696e-06	9.999999999944075e-06
3	1	-1	1e-05	1e-05	1e-05
4	2	-2	1e-05	1e-05	1e-05
5	2	-1	1e-05	1e-05	1e-05
6	2	0	9.999999999637879e-06	1.0000000000086014e-05	9.99999999978009e-06
7	2	1	1e-05	1e-05	1e-05
8	2	2	1e-05	1e-05	1e-05
9	3	-3	1e-05	1e-05	1e-05
10	3	-2	1e-05	1e-05	1e-05
11	3	-1	1e-05	1e-05	1e-05
12	3	0	1.00000000003825e-05	1.0000000000292007e-05	1.0000000000367988e-05
13	3	1	1e-05	1e-05	1e-05
14	3	2	1e-05	1e-05	1e-05
15	3	3	1e-05	1e-05	1e-05
4596000.0	4621000.0
1	1	1	1e-05	1e-05	1e-05
2	1	0	9.999999999907617e-06	9.999999999922404e-06	9.999999999925779e-06
3	1	-1	1e-05	1e-05	1e-05
4	2	-2	1e-05	1e-05	1e-05
5	2	-1	1e-05	1e-05	1e-05
6	2	0	9.999999999757361e-06	1.0000000000043404e-05	9.999999999735522e-06
7	2	1	1e-05	1e-05	1e-05
8	2	2	1e-05	1e-05	1e-05
9	3	-3	1e-05	1e-05	1e-05
10	3	-2	1e-05	1e-05	1e-05
11	3	-1	1e-05	1e-05	1e-05
12	3	0	1.000000000030647e-05	1.0000000000371577e-05	1.0000000000335709e-05
13	3	1	1e-05	1e-05	1e-05
14	3	2	1e-05	1e-05	1e-05
15	3	3	1e-05	1e-05	1e-05
4621000.0	4646000.0
1	1	1	1e-05	1e-05	1e-05
2	1	0	9.999999999878079e-06	9.999999999948262e-06	9.999999999904666e-06
3	1	-1	1e-05	1e-05	1e-05
4	2	-2	1e-05	1e-05	1e-05
5	2	-1	1e-05	1e-05	1e-05
6	2	0	1.0000000000030558e-05	1.0000000000306798e-05	9.999999999778993e-06
7	2	1	1e-05	1e-05	1e-05
8	2	2	1e-05	1e-05	1e-05
9	3	-3	1e-05	1e-05	1e-05
10	3	-2	1e-05	1e-05	1e-05
11	3	-1	1e-05	1e-05	1e-05
12	3	0	1.0000000000332566e-05	1.0000000000267785e-05	1.00000000003618e-05
13	3	1	1e-05	1e-05	1e-05
14	3	2	1e-05	1e-05	1e-05
15	3	3	1e-05	1e-05	1e-05
4646000.0	4671000.0
1	1	1	1e-05	1e-05	1e-05
2	1	0	9.999999999914303e-06	9.999999999972354e-06	9.999999999897933e-06
3	1	-1	1e-05	1e-05	1e-05
4	2	-2	1e-05	1e-05	1e-05
5	2	-1	1e-05	1e-05	1e-05
6	2	0	9.999999999876829e-06	9.999999999955745e-06	1.0000000000155135e-05
7	2	1	1e-05	1e-05	1e-05
8	2	2	1e-05	1e-05	1e-05
9	3	-3	1e-05	1e-05	1e-05
10	3	-2	1e-05	1e-05	1e-05
11	3	-1	1e-05	1e-05	1e-05
12	3	0	1.0000000000338567e-05	1.0000000000320779e-05	1.0000000000375314e-05
13	3	1	1e-05	1e-05	1e-05
14	3	2	1e-05	1e-05	1e-05
15	3	3	1e-05	1e-05	1e-05
4671000.0	4696000.0
1	1	1	1e-05	1e-05	1e-05
2	1	0	9.999999999932408e-06	9.999999999841389e-06	9.999999999937371e-06
3	1	-1	1e-05	1e-05	1e-05
4	2	-2	1e-05	1e-05	1e-05
5	2	-1	1e-05	1e-05	1e-05
6	2	0	1.000000000003104e-05	1.0000000000022346e-05	9.999999999755535e-06
7	2	1	1e-05	1e-05	1e-05
8	2	2	1e-05	1e-05	1e-05
9	3	-3	1e-05	1e-05	1e-05
10	3	-2	1e-05	1e-05	1e-05
11	3	-1	1e-05	1e-05	1e-05
12	3	0	1.0000000000341938e-05	1.0000000000452723e-05	1.0000000000280057e-05
13	3	1	1e-05	1e-05	1e-05
14	3	2	1e-05	1e-05	1e-05
15	3	3	1e-05	1e-05	1e-05
4696000.0	4721000.0
1	1	1	1e-05	1e-05	1e-05
2	1	0	9.999999999871426e-06	9.99999999981081e-06	9.99999999991564e-06
3	1	-1	1e-05	1e-05	1e-05
4	2	-2	1e-05	1e-05	1e-05
5	2	-1	1e-05	1e-05	1e-05
6	2	0	1.0000000000281658e-05	1e-05	1.000000000008915e-05
7	2	1	1e-05	1e-05	1e-05
8	2	2	1e-05	1e-05	1e-05
9	3	-3	1e-05	1e-05	1e-05
10	3	-2	1e-05	1e-05	1e-05
11	3	-1	1e-05	1e-05	1e-05
12	3	0	1.000000000036375e-05	1.0000000000344203e-05	1.000000000031492e-05
13	3	1	1e-05	1e-05	1e-05
14	3	2	1e-05	1e-05	1e-05
15	3	3	1e-05	1e-05	1e-05
4721000.0	4746000.0
1	1	1	1e-05	1e-05	1e-05
2	1	0	9.999999999864721e-06	9.999999999948994e-06	9.999999999868052e-06
3	1	-1	1e-05	1e-05	1e-05
4	2	-2	1e-05	1e-05	1e-05
5	2	-1	1e-05	1e-05	1e-05
6	2	0	9.999999999842177e-06	9.999999999886105e-06	9.99999999993295e-06
7	2	1	1e-05	1e-05	1e-05
8	2	2	1e-05	1e-05	1e-05
9	3	-3	1e-05	1e-05	1e-05
10	3	-2	1e-05	1e-05	1e-05
11	3	-1	1e-05	1e-05	1e-05
12	3	0	1.0000000000332336e-05	1.000000000028068e-05	1.0000000000300206e-05
13	3	1	1e-05	1e-05	1e-05
14	3	2	1e-05	1e-05	1e-05
15	3	3	1e-05	1e-05	1e-05
4746000.0	4771000.0
1	1	1	1e-05	1e-05	1e-05
2	1	0	9.99999999990371e-06	9.999999999951124e-06	9.999999999882297e-06
3	1	-1	1e-05	1e-05	1e-05
4	2	-2	1e-05	1e-05	1e-05
5	2	-1	1e-05	1e-05	1e-05
6	2	0	9.999999999618746e-06	9.999999999862131e-06	1.0000000000246413e-05
7	2	1	1e-05	1e-05	1e-05
8	2	2	1e-05	1e-05	1e-05
9	3	-3	1e-05	1e-05	1e-05
10	3	-2	1e-05	1e-05	1e-05
11	3	-1	1e-05	1e-05	1e-05
12	3	0	1.000000000029834e-05	1.0000000000340649e-05	1.0000000000409406e-05
13	3	1	1e-05	1e-05	1e-05
14	3	2	1e-05	1e-05	1e-05
15	3	3	1e-05	1e-05	1e-05
4771000.0	4796000.0
1	1	1	1e-05	1e-05	1e-05
2	1	0	9.99999999989739e-06	9.99999999991333e-06	9.999999999916543e-06
3	1	-1	1e-05	1e-05	1e-05
4	2	-2	1e-05	1e-05	1e-05
5	2	-1	1e-05	1e-05	1e-05
6	2	0	1.0000000000224475e-05	9.999999999791365e-06	9.999999999955074e-06
7	2	1	1e-05	1e-05	1e-05
8	2	2	1e-05	1e-05	1e-05
9	3	-3	1e-05	1e-05	1e-05
10	3	-2	1e-05	1e-05	1e-05
11	3	-1	1e-05	1e-05	1e-05
12	3	0	1.0000000000352051e-05	1.0000000000429845e-05	1.0000000000302834e-05
13	3	1	1e-05	1e-05	1e-05
14	3	2	1e-05	1e-05	1e-05
15	3	3	1e-05	1e-05	1e-05
4796000.0	4821000.0
1	1	1	1e-05	1e-05	1e-05
2	1	0	9.99999999997052e-06	9.999999999904046e-06	9.999999999878162e-06
3	1	-1	1e-05	1e-05	1e-05
4	2	-2	1e-05	1e-05	1e-05
5	2	-1	1e-05	1e-05	1e-05
6	2	0	9.999999999773033e-06	9.999999999836386e-06	9.999999999684593e-06
7	2	1	1e-05	1e-05	1e-05
8	2	2	1e-05	1e-05	1e-05
9	3	-3	1e-05	1e-05	1e-05
10	3	-2	1e-05	1e-05	1e-05
11	3	-1	1e-05	1e-05	1e-05
12	3	0	1.0000000000343357e-05	1.0000000000335082e-05	1.0000000000332925e-05
13	3	1	1e-05	1e-05	1e-05
14	3	2	1e-05	1e-05	1e-05
15	3	3	1e-05	1e-05	1e-05
4821000.0	4846000.0
1	1	1	1e-05	1e-05	1e-05
2	1	0	9.999999999879175e-06	9.999999999877369e-06	9.999999999821861e-06
3	1	-1	1e-05	1e-05	1e-05
4	2	-2	1e-05	1e-05	1e-05
5	2	-1	1e-05	1e-05	1e-05
6	2	0	9.999999999869092e-06	1.0000000000070755e-05	1.0000000000316337e-05
7	2	1	1e-05	1e-05	1e-05
8	2	2	1e-05	1e-05	1e-05
9	3	-3	1e-05	1e-05	1e-05
10	3	-2	1e-05	1e-05	1e-05
11	3	-1	1e-05	1e-05	1e-05
12	3	0	1.0000000000328744e-05	1.0000000000356122e-05	1.0000000000342405e-05
13	3	1	1e-05	1e-05	1e-05
14	3	2	1e-05	1e-05	1e-05
15	3	3	1e-05	1e-05	1e-05
4846000.0	4871000.0
1	1	1	1e-05	1e-05	1e-05
2	1	0	9.999999999912731e-06	9.999999999926965e-06	9.999999999870488e-06
3	1	-1	1e-05	1e-05	1e-05
4	2	-2	1e-05	1e-05	1e-05
5	2	-1	1e-05	1e-05	1e-05
6	2	0	9.999999999868424e-06	9.999999999475306e-06	9.999999999864027e-06
7	2	1	1e-05	1e-05	1e-05
8	2	2	1e-05	1e-05	1e-05
9	3	-3	1e-05	1e-05	1e-05
10	3	-2	1e-05	1e-05	1e-05
11	3	-1	1e-05	1e-05	1e-05
12	3	0	1.0000000000366133e-05	1.0000000000295497e-05	1.000000000036991e-05
13	3	1	1e-05	1e-05	1e-05
14	3	2	1e-05	1e-05	1e-05
15	3	3	1e-05	1e-05	1e-05
4871000.0	4896000.0
1	1	1	1e-05	1e-05	1e-05
2	1	0	9.999999999914063e-06	9.9999999998986e-06	9.999999999997709e-06
3	1	-1	1e-05	1e-05	1e-05
4	2	-2	1e-05	1e-05	1e-05
5	2	-1	1e-05	1e-05	1e-05
6	2	0	9.999999999669321e-06	9.999999999927629e-06	1.000000000004546e-05
7	2	1	1e-05	1e-05	1e-05
8	2	2	1e-05	1e-05	1e-05
9	3	-3	1e-05	1e-05	1e-05
10	3	-2	1e-05	1e-05	1e-05
11	3	-1	1e-05	1e-05	1e-05
12	3	0	1.0000000000375487e-05	1.0000000000390625e-05	1.0000000000239369e-05
13	3	1	1e-05	1e-05	1e-05
14	3	2	1e-05	1e-05	1e-05
15	3	3	1e-05	1e-05	1e-05
4896000.0	4921000.0
1	1	1	1e-05	1e-05	1e-05
2	1	0	9.999999999841135e-06	9.999999999879485e-06	9.99999999990096e-06
3	1	-1	1e-05	1e-05	1e-05
4	2	-2	1e-05	1e-05	1e-05
5	2	-1	1e-05	1e-05	1e-05
6	2	0	1e-05	1.00000000001707e-05	1.0000000000045563e-05
7	2	1	1e-05	1e-05	1e-05
8	2	2	1e-05	1e-05	1e-05
9	3	-3	1e-05	1e-05	1e-05
10	3	-2	1e-05	1e-05	1e-05
11	3	-1	1e-05	1e-05	1e-05
12	3	0	1.0000000000372794e-05	1.000000000038494e-05	1.0000000000335492e-05
13	3	1	1e-05	1e-05	1e-05
14	3	2	1e-05	1e-05	1e-05
15	3	3	1e-05	1e-05	1e-05
4921000.0	4946000.0
1	1	1	1e-05	1e-05	1e-05
2	1	0	9.99999999991777e-06	9.999999999851923e-06	9.999999999890786e-06
3	1	-1	1e-05	1e-05	1e-05
4	2	-2	1e-05	1e-05	1e-05
5	2	-1	1e-05	1e-05	1e-05
6	2	0	9.999999999699814e-06	9.999999999876649e-06	9.999999999885758e-06
7	2	1	1e-05	1e-05	1e-05
8	2	2	1e-05	1e-05	1e-05
9	3	-3	1e-05	1e-05	1e-05
10	3	-2	1e-05	1e-05	1e-05
11	3	-1	1e-05	1e-05	1e-05
12	3	0	1.00000000002513e-05	1.0000000000298863e-05	1.00000000003333e-05
13	3	1	1e-05	1e-05	1e-05
14	3	2	1e-05	1e-05	1e-05
15	3	3	1e-05	1e-05	1e-05
4946000.0	4971000.0
1	1	1	1e-05	1e-05	1e-05
2	1	0	9.999999999834377e-06	9.999999999918191e-06	9.9999999999381e-06
3	1	-1	1e-05	1e-05	1e-05
4	2	-2	1e-05	1e-05	1e-05
5	2	-1	1e-05	1e-05	1e-05
6	2	0	1.0000000000134269e-05	1.0000000000124801e-05	9.999999999931249e-06
7	2	1	1e-05	1e-05	1e-05
8	2	2	1e-05	1e-05	1e-05
9	3	-3	1e-05	1e-05	1e-05
10	3	-2	1e-05	1e-05	1e-05
11	3	-1	1e-05	1e-05	1e-05
12	3	0	1.00000000003873e-05	1.0000000000303012e-05	1.0000000000308194e-05
13	3	1	1e-05	1e-05	1e-05
14	3	2	1e-05	1e-05	1e-05
15	3	3	1e-05	1e-05	1e-05
